7.386722145091593195e-01
5.679262717681974326e-01
1.004470816346696660e+00
2.554051809732074574e+00
4.979701792438582242e-01
7.849667051101536508e-01
2.685080133784020079e-02
2.123980721980497227e-02
1.204540035086884286e-01
3.063928750244842431e-04
2.222186953087352257e-01
1.578034792100390327e+00
3.255668461141814594e-03
1.834225571284287654e-04
1.989328096038153193e-01
0.000000000000000000e+00
2.863001104674241515e-01
2.260452177586486783e-02
4.262069476006716956e-04
7.853135213679340865e-02
5.765306633818316831e-04
1.481337366411411005e-01
2.108253381027328788e-01
7.236699384121560996e-01
1.818129977085743698e-01
1.166642237196200034e-03
7.040992677451407555e-02
8.760967060377815308e-03
1.697013161520482816e-01
2.013398354874537943e-01
5.287860787790024750e-04
2.559508420508214144e-01
1.038758923365173172e-04
