0.000000000000000000e+00
0.000000000000000000e+00
1.998263801785787885e-01
4.996691166671736184e-01
0.000000000000000000e+00
2.579974081123679319e-01
0.000000000000000000e+00
2.780587952126857554e-03
5.865534873931464721e-02
1.482223450173532201e-04
7.019990513541232713e-02
0.000000000000000000e+00
0.000000000000000000e+00
0.000000000000000000e+00
0.000000000000000000e+00
0.000000000000000000e+00
6.424586717996336183e-02
0.000000000000000000e+00
0.000000000000000000e+00
0.000000000000000000e+00
0.000000000000000000e+00
5.437314567314397579e-02
8.222579970510429659e-02
0.000000000000000000e+00
6.229811518288012884e-02
6.826839058839464245e-04
3.212798292695419333e-02
6.378307412709572841e-03
8.490837033814742363e-02
8.074555509403028020e-02
5.322440743441611121e-05
0.000000000000000000e+00
0.000000000000000000e+00
