0.000000000000000000e+00
0.000000000000000000e+00
0.000000000000000000e+00
0.000000000000000000e+00
0.000000000000000000e+00
1.757968399616286481e-01
2.459354286638912659e-03
0.000000000000000000e+00
0.000000000000000000e+00
3.714617213150899736e-05
7.195620526176792209e-02
0.000000000000000000e+00
0.000000000000000000e+00
0.000000000000000000e+00
0.000000000000000000e+00
0.000000000000000000e+00
0.000000000000000000e+00
0.000000000000000000e+00
0.000000000000000000e+00
0.000000000000000000e+00
0.000000000000000000e+00
8.065878312862453936e-02
1.225990782332549989e-01
0.000000000000000000e+00
2.200560368579370513e-02
0.000000000000000000e+00
2.524249818782413682e-02
2.167932805684905095e-03
0.000000000000000000e+00
1.021316150544715889e-01
1.120057619096321964e-04
0.000000000000000000e+00
0.000000000000000000e+00
