0.000000000000000000e+00
0.000000000000000000e+00
7.386339104656586274e-02
2.552803430185101030e-01
0.000000000000000000e+00
5.758742419964286707e-01
0.000000000000000000e+00
0.000000000000000000e+00
4.711956686506399428e-02
0.000000000000000000e+00
4.833485662689771672e-02
0.000000000000000000e+00
0.000000000000000000e+00
0.000000000000000000e+00
0.000000000000000000e+00
0.000000000000000000e+00
0.000000000000000000e+00
0.000000000000000000e+00
0.000000000000000000e+00
0.000000000000000000e+00
0.000000000000000000e+00
7.057438864128284806e-02
1.338746174985663284e-01
0.000000000000000000e+00
7.501809872224290965e-03
0.000000000000000000e+00
2.531392363314444865e-02
3.789747370459431788e-03
2.028847379785725380e-02
5.658856592173733269e-02
2.402875544666975972e-04
0.000000000000000000e+00
0.000000000000000000e+00
